BUSES REPORT
============================================================================================================================= 
   BUS    V (pu)     ฮธ (ยบ)     P (MW)     Q (MVAr)      PG (MW)    QG (MVAr)    PD (MW)   QD (MVAr)     Psh (MW)   Qsh (MVAr) 
----------------------------------------------------------------------------------------------------------------------------- 
    1    1.0000    -27.16       76.00        0.00      184.00        0.00      108.00        0.00        0.00        0.00
    2    1.0000    -26.43       87.00        0.00      184.00        0.00       97.00        0.00        0.00        0.00
    3    1.0000    -26.91     -180.00        0.00        0.00        0.00      180.00        0.00        0.00        0.00
    4    1.0000    -22.66      -74.00        0.00        0.00        0.00       74.00        0.00        0.00        0.00
    5    1.0000    -28.04      -71.00        0.00        0.00        0.00       71.00        0.00        0.00        0.00
    6    1.0000    -30.57     -136.00        0.00        0.00        0.00      136.00        0.00        0.00        0.00
    7    1.0000    -16.79       46.22        0.00      171.22        0.00      125.00        0.00        0.00        0.00
    8    1.0000    -18.42     -171.00        0.00        0.00        0.00      171.00        0.00        0.00        0.00
    9    1.0000    -15.18     -175.00        0.00        0.00        0.00      175.00        0.00        0.00        0.00
   10    1.0000     -9.85     -195.00        0.00        0.00        0.00      195.00        0.00        0.00        0.00
   11    1.0000     -2.94        0.00        0.00        0.00        0.00        0.00        0.00        0.00        0.00
   12    1.0000     -3.03        0.00        0.00        0.00        0.00        0.00        0.00        0.00        0.00
   13    1.0000      0.00      -36.22        0.00      228.78        0.00      265.00        0.00        0.00        0.00
   14    1.0000      4.01     -194.00        0.00        0.00        0.00      194.00        0.00        0.00        0.00
   15    1.0000     17.89     -150.00        0.00      167.00        0.00      317.00        0.00        0.00        0.00
   16    1.0000     14.80       55.00        0.00      155.00        0.00      100.00        0.00        0.00        0.00
   17    1.0000     19.34        0.00        0.00        0.00        0.00        0.00        0.00        0.00        0.00
   18    1.0000     20.74       67.00        0.00      400.00        0.00      333.00        0.00        0.00        0.00
   19    1.0000     12.32     -181.00        0.00        0.00        0.00      181.00        0.00        0.00        0.00
   20    1.0000     12.28     -128.00        0.00        0.00        0.00      128.00        0.00        0.00        0.00
   21    1.0000     21.12      400.00        0.00      400.00        0.00        0.00        0.00        0.00        0.00
   22    1.0000     27.51      300.00        0.00      300.00        0.00        0.00        0.00        0.00        0.00
   23    1.0000     12.65      660.00        0.00      660.00        0.00        0.00        0.00        0.00        0.00
   24    1.0000     17.89        0.00        0.00        0.00        0.00        0.00        0.00        0.00        0.00
----------------------------------------------------------------------------------------------------------------------------- 
 TOTAL:                                                2850.00        0.00     2850.00        0.00       0.00         0.00
============================================================================================================================= 

