GENERATORS REPORT
========================================================================== 
   ID     BUS     P_g (MW)  Q_g (MVAr)   S_g (MVA)   Loading_P   Loading_Q 
-------------------------------------------------------------------------- 
    1      1       76.00        0.00       76.00      1.0000      0.0000   
    2      1       16.00        0.00       16.00      0.0000      0.0000   
    3      1       16.00        0.00       16.00      0.0000      0.0000   
    4      1       76.00        0.00       76.00      1.0000      0.0000   
    5      2       16.00        0.00       16.00      0.0000      0.0000   
    6      2       16.00        0.00       16.00      0.0000      0.0000   
    7      2       76.00        0.00       76.00      1.0000      0.0000   
    8      2       76.00        0.00       76.00      1.0000      0.0000   
    9      7       57.07        0.00       57.07      0.4280      0.0000   
   10      7       57.07        0.00       57.07      0.4280      0.0000   
   11      7       57.07        0.00       57.07      0.4280      0.0000   
   12     13       76.26        0.00       76.26      0.0570      0.0000   
   13     13       76.26        0.00       76.26      0.0570      0.0000   
   14     13       76.26        0.00       76.26      0.0570      0.0000   
   15     14        0.00        0.00        0.00         NaN      0.0000   
   16     15        2.40        0.00        2.40     -0.0000      0.0000   
   17     15        2.40        0.00        2.40     -0.0000      0.0000   
   18     15      155.00        0.00      155.00      1.0000      0.0000   
   19     15        2.40        0.00        2.40     -0.0000      0.0000   
   20     15        2.40        0.00        2.40      0.0000      0.0000   
   21     15        2.40        0.00        2.40     -0.0000      0.0000   
   22     16      155.00        0.00      155.00      1.0000      0.0000   
   23     18      400.00        0.00      400.00      1.0000      0.0000   
   24     21      400.00        0.00      400.00      1.0000      0.0000   
   25     22       50.00        0.00       50.00      1.0000      0.0000   
   26     22       50.00        0.00       50.00      1.0000      0.0000   
   27     22       50.00        0.00       50.00      1.0000      0.0000   
   28     22       50.00        0.00       50.00      1.0000      0.0000   
   29     22       50.00        0.00       50.00      1.0000      0.0000   
   30     22       50.00        0.00       50.00      1.0000      0.0000   
   31     23      155.00        0.00      155.00      1.0000      0.0000   
   32     23      155.00        0.00      155.00      1.0000      0.0000   
   33     23      350.00        0.00      350.00      1.0000      0.0000   
-------------------------------------------------------------------------- 
 TOTAL:         2849.9990     0.0000   2849.9990
========================================================================== 
